0,84,0.0,1.2970919359020552,0.0
1,105,1.3522115657163702,0.00896243442445729,1.0353409447864856
2,125,1.3554997950628493,-5.885846614826068E-5,1.7730762094042378
3,124,1.3554499446636556,-7.628346057098128E-5,2.5108386062651133
4,145,1.3554037320896628,-1.3199058086889726E-5,3.5437411775466474
5,166,1.3554095922277856,2.4546015590819334E-5,4.576639283055053
6,146,1.355433524914253,4.0331742794280535E-5,5.314410617184672
7,127,1.3554825726674506,5.464278841530497E-5,6.347253110500498
8,108,1.3555240084748026,2.5594887603295204E-5,7.380064031773106
9,128,1.3555409627151978,2.0369159645249607E-5,8.11777689143982
10,148,1.355553591153343,1.3867730233775852E-5,8.855482878518629
11,168,1.355550864095405,-2.1261069158773226E-5,9.593190349692959
12,187,1.355531968247891,-1.5330507839845853E-5,10.625995206231744
13,208,1.3555237347301687,-6.134387150677989E-7,11.658806336077939
14,227,1.3555476170678455,4.686109692184707E-5,12.691599269629258
15,247,1.35556236980157,-6.864813187764761E-6,13.42930047930977
16,248,1.3555495164217541,-2.798213760905482E-5,14.167008683905424
17,267,1.3555366874257266,3.1389132236866247E-6,15.199809944827924
18,287,1.3555350068789283,-7.694996079743672E-6,15.937526045795664
19,306,1.3555198809163167,-2.1595943113798757E-5,16.97034011197787
20,327,1.355504727610534,-7.747617512668446E-6,18.00316572407876
21,308,1.3555003498357123,-7.296466085420203E-7,19.03599467183202
22,329,1.3555028057810634,5.485414892069874E-6,20.06882174827123
23,350,1.355504667609337,-1.880107489231218E-6,21.10164740608998
24,330,1.3555053960150312,3.8548226566814185E-6,21.839379622383504
25,351,1.3555079930033036,1.1740844700394193E-6,22.872202746427295
26,332,1.3555073955117931,-2.33109066978468E-6,23.905026325727214
27,352,1.3555066848713273,4.0453436061287034E-7,24.642757840562883
28,331,1.3555101972359445,6.3969511915861565E-6,25.675579285104412
29,311,1.355848966345607,9.121277786304106E-4,26.413124561032365
